0,465
0,464
0,463
0,462
0,461
0,460
0,459
0,458
0,457
0,456
0,455
0,454
0,453
0,452
0,451
0,450
0,449
0,448
0,447
0,446
0,445
0,444
0,443
0,442
0,441
0,440
0,439
0,438
0,437
0,436
0,435
0,434
0,433
0,432
0,431
0,430
0,429
0,428
0,427
0,426
0,425
0,424
0,423
0,422
0,421
0,420
0,419
0,418
0,417
0,416
0,415
0,414
0,413
0,412
58,52
58,51
58,50
58,49
58,48
58,47
58,46
58,45
58,44
58,43
58,42
58,41
58,40
58,39
58,38
58,37
58,36
58,35
0,411
0,410
0,409
0,408
61,5
61,4
61,3
61,2
61,1
61,0
0,278
0,407
0,406
0,386
0,273
0,270
60,4
60,3
60,2
60,1
60,0
59,3
59,2
0,9
59,1
59,0
10,72
10,232
10,134
10,262
10,184
